Vertex Count: 18

Data:

-1 -0.000214 -1 0.25 0.75 0 -1 -0
1 -0.000214 1 0.75 0.75 0 -1 -0
-1 -0.000214 1 0.5 1 0 -1 -0
1 -0.000214 -1 0.5 0.5 0 -1 -0
1 -0.000214 1 0.75 0.75 0 -1 -0
-1 -0.000214 -1 0.25 0.75 0 -1 -0
0 2.82821 -0 0.5 0 -0.942809 0.333333 0
-1 -0.000214 -1 0.375 0.5 -0.942809 0.333333 0
-1 -0.000214 1 0.25 0.5 -0.942809 0.333333 0
0 2.82821 -0 0.5 0 -0 0.333333 -0.942809
1 -0.000214 -1 0.5 0.5 -0 0.333333 -0.942809
-1 -0.000214 -1 0.375 0.5 -0 0.333333 -0.942809
0 2.82821 -0 0.5 0 0.942809 0.333333 -0
1 -0.000214 1 0.625 0.5 0.942809 0.333333 -0
1 -0.000214 -1 0.5 0.5 0.942809 0.333333 -0
0 2.82821 -0 0.5 0 0 0.333333 0.942809
-1 -0.000214 1 0.75 0.5 0 0.333333 0.942809
1 -0.000214 1 0.625 0.5 0 0.333333 0.942809
